Populations	FR-Run	FR-Par	FR-Lez	CN-Lia	CN-Bei	FR-Cor	ES-Bar	DE-Jen	DE-Dos	JP-Tok	JP-Sap	CN-Shi	US-Wis	US-Wat	CN-Nin	US-Sok	US-Sdi	US-Nca	US-Haw	US-Col	BR-Pal	IT-Tre	US-CAOx	US-WIOr	JP-Sap2	DE-Jen2	JP-Kan	FR-Lez2	IT-Tre2
FR-Run	0.041528	0.046704	0.046578	0.052649	0.052753	0.046170	0.045877	0.047156	0.046751	0.052595	0.052038	0.053101	0.051446	0.051281	0.057339	0.051553	0.050975	0.051199	0.054013	0.051680	0.051282	0.046108	0.051511	0.051642	0.051806	0.047457	0.051754	0.046653	0.045786
FR-Par	0.046704	0.044619	0.046132	0.052119	0.052245	0.046264	0.046197	0.046793	0.046324	0.051594	0.051062	0.052606	0.050117	0.050242	0.056823	0.050583	0.049877	0.049773	0.053073	0.050571	0.050158	0.046443	0.050290	0.050397	0.050853	0.047153	0.050789	0.046204	0.046304
FR-Lez	0.046578	0.046132	0.044630	0.052184	0.052323	0.045770	0.045747	0.046663	0.046051	0.051953	0.051436	0.052657	0.050660	0.050828	0.056895	0.051140	0.050531	0.050368	0.053459	0.051109	0.050633	0.045830	0.050877	0.050942	0.051182	0.047044	0.051126	0.046087	0.045688
CN-Lia	0.052649	0.052119	0.052184	0.049127	0.051634	0.052336	0.052489	0.052806	0.052468	0.052298	0.051884	0.051948	0.052156	0.052067	0.056193	0.052106	0.052114	0.052047	0.053940	0.052557	0.052129	0.052666	0.052290	0.052409	0.051484	0.053238	0.051407	0.052488	0.052560
CN-Bei	0.052753	0.052245	0.052323	0.051634	0.049489	0.052454	0.052623	0.052948	0.052607	0.052531	0.052133	0.052128	0.052374	0.052250	0.056337	0.052323	0.052317	0.052266	0.054131	0.052753	0.052312	0.052782	0.052438	0.052596	0.051728	0.053384	0.051626	0.052618	0.052678
FR-Cor	0.046170	0.046264	0.045770	0.052336	0.052454	0.042915	0.045130	0.046574	0.045866	0.052513	0.052071	0.052788	0.051847	0.051859	0.057046	0.051933	0.051738	0.051616	0.054019	0.052279	0.051738	0.044795	0.052009	0.052111	0.051742	0.046869	0.051689	0.045884	0.044454
ES-Bar	0.045877	0.046197	0.045747	0.052489	0.052623	0.045130	0.043105	0.046503	0.045767	0.052510	0.051992	0.052966	0.051893	0.051870	0.057190	0.051962	0.051780	0.051603	0.054125	0.052352	0.051940	0.044998	0.052112	0.052101	0.051741	0.046809	0.051700	0.045780	0.044708
DE-Jen	0.047156	0.046793	0.046663	0.052806	0.052948	0.046574	0.046503	0.045707	0.046776	0.052524	0.052002	0.053296	0.051174	0.051409	0.057509	0.051716	0.051011	0.050890	0.054031	0.051620	0.051121	0.046667	0.051378	0.051450	0.051754	0.047637	0.051704	0.046771	0.046455
DE-Dos	0.046751	0.046324	0.046051	0.052468	0.052607	0.045866	0.045767	0.046776	0.044097	0.052322	0.051780	0.052946	0.051142	0.051264	0.057174	0.051504	0.050977	0.050827	0.053793	0.051575	0.051080	0.045854	0.051281	0.051406	0.051533	0.047089	0.051482	0.046190	0.045662
JP-Tok	0.052595	0.051594	0.051953	0.052298	0.052531	0.052513	0.052510	0.052524	0.052322	0.048166	0.049498	0.052902	0.051402	0.050828	0.056797	0.050150	0.051288	0.050938	0.052821	0.052002	0.051666	0.052987	0.051748	0.051492	0.049544	0.052887	0.049465	0.052148	0.052990
JP-Sap	0.052038	0.051062	0.051436	0.051884	0.052133	0.052071	0.051992	0.052002	0.051780	0.049498	0.046229	0.052510	0.050869	0.050273	0.056590	0.049437	0.050741	0.050346	0.052282	0.051514	0.051282	0.052542	0.051255	0.050942	0.048762	0.052341	0.048744	0.051641	0.052548
CN-Shi	0.053101	0.052606	0.052657	0.051948	0.052128	0.052788	0.052966	0.053296	0.052946	0.052902	0.052510	0.048306	0.052687	0.052632	0.056630	0.052693	0.052662	0.052592	0.054452	0.053087	0.052677	0.053117	0.052792	0.052923	0.052122	0.053717	0.052016	0.052977	0.053005
US-Wis	0.051446	0.050117	0.050660	0.052156	0.052374	0.051847	0.051893	0.051174	0.051142	0.051402	0.050869	0.052687	0.044658	0.048540	0.056861	0.049422	0.047463	0.046068	0.052044	0.046459	0.047336	0.052455	0.047670	0.046440	0.050655	0.051755	0.050573	0.051061	0.052461
US-Wat	0.051281	0.050242	0.050828	0.052067	0.052250	0.051859	0.051870	0.051409	0.051264	0.050828	0.050273	0.052632	0.048540	0.045419	0.056767	0.046720	0.047842	0.048248	0.049787	0.048816	0.048161	0.052419	0.048013	0.048689	0.050119	0.051820	0.050018	0.051183	0.052457
CN-Nin	0.057339	0.056823	0.056895	0.056193	0.056337	0.057046	0.057190	0.057509	0.057174	0.056797	0.056590	0.056630	0.056861	0.056767	0.056503	0.056815	0.056827	0.056761	0.058578	0.057267	0.056839	0.057362	0.056966	0.057119	0.056214	0.057912	0.056111	0.057173	0.057258
US-Sok	0.051553	0.050583	0.051140	0.052106	0.052323	0.051933	0.051962	0.051716	0.051504	0.050150	0.049437	0.052693	0.049422	0.046720	0.056815	0.042504	0.048938	0.048888	0.048173	0.049906	0.049372	0.052505	0.049209	0.049368	0.049428	0.052057	0.049381	0.051445	0.052511
US-Sdi	0.050975	0.049877	0.050531	0.052114	0.052317	0.051738	0.051780	0.051011	0.050977	0.051288	0.050741	0.052662	0.047463	0.047842	0.056827	0.048938	0.043098	0.047263	0.049802	0.047607	0.047159	0.052369	0.047267	0.047803	0.050559	0.051473	0.050449	0.050855	0.052443
US-Nca	0.051199	0.049773	0.050368	0.052047	0.052266	0.051616	0.051603	0.050890	0.050827	0.050938	0.050346	0.052592	0.046068	0.048248	0.056761	0.048888	0.047263	0.044290	0.051865	0.046562	0.047256	0.052262	0.047601	0.046363	0.050209	0.051398	0.050126	0.050736	0.052286
US-Haw	0.054013	0.053073	0.053459	0.053940	0.054131	0.054019	0.054125	0.054031	0.053793	0.052821	0.052282	0.054452	0.052044	0.049787	0.058578	0.048173	0.049802	0.051865	0.039187	0.052524	0.051509	0.054445	0.051468	0.052195	0.052112	0.054401	0.052053	0.053872	0.054436
US-Col	0.051680	0.050571	0.051109	0.052557	0.052753	0.052279	0.052352	0.051620	0.051575	0.052002	0.051514	0.053087	0.046459	0.048816	0.057267	0.049906	0.047607	0.046562	0.052524	0.045023	0.047413	0.052888	0.047851	0.046862	0.051261	0.052188	0.051154	0.051486	0.052886
BR-Pal	0.051282	0.050158	0.050633	0.052129	0.052312	0.051738	0.051940	0.051121	0.051080	0.051666	0.051282	0.052677	0.047336	0.048161	0.056839	0.049372	0.047159	0.047256	0.051509	0.047413	0.043982	0.052365	0.047323	0.047750	0.050946	0.051763	0.050809	0.051042	0.052400
IT-Tre	0.046108	0.046443	0.045830	0.052666	0.052782	0.044795	0.044998	0.046667	0.045854	0.052987	0.052542	0.053117	0.052455	0.052419	0.057362	0.052505	0.052369	0.052262	0.054445	0.052888	0.052365	0.042701	0.052598	0.052724	0.052200	0.046948	0.052137	0.045881	0.044247
US-CAOx	0.051511	0.050290	0.050877	0.052290	0.052438	0.052009	0.052112	0.051378	0.051281	0.051748	0.051255	0.052792	0.047670	0.048013	0.056966	0.049209	0.047267	0.047601	0.051468	0.047851	0.047323	0.052598	0.044308	0.047907	0.051002	0.051863	0.050887	0.051310	0.052640
US-WIOr	0.051642	0.050397	0.050942	0.052409	0.052596	0.052111	0.052101	0.051450	0.051406	0.051492	0.050942	0.052923	0.046440	0.048689	0.057119	0.049368	0.047803	0.046363	0.052195	0.046862	0.047750	0.052724	0.047907	0.044223	0.050744	0.051974	0.050659	0.051311	0.052708
JP-Sap2	0.051806	0.050853	0.051182	0.051484	0.051728	0.051742	0.051741	0.051754	0.051533	0.049544	0.048762	0.052122	0.050655	0.050119	0.056214	0.049428	0.050559	0.050209	0.052112	0.051261	0.050946	0.052200	0.051002	0.050744	0.047219	0.052126	0.048688	0.051390	0.052197
DE-Jen2	0.047457	0.047153	0.047044	0.053238	0.053384	0.046869	0.046809	0.047637	0.047089	0.052887	0.052341	0.053717	0.051755	0.051820	0.057912	0.052057	0.051473	0.051398	0.054401	0.052188	0.051763	0.046948	0.051863	0.051974	0.052126	0.044938	0.052068	0.047100	0.046794
JP-Kan	0.051754	0.050789	0.051126	0.051407	0.051626	0.051689	0.051700	0.051704	0.051482	0.049465	0.048744	0.052016	0.050573	0.050018	0.056111	0.049381	0.050449	0.050126	0.052053	0.051154	0.050809	0.052137	0.050887	0.050659	0.048688	0.052068	0.047469	0.051328	0.052151
FR-Lez2	0.046653	0.046204	0.046087	0.052488	0.052618	0.045884	0.045780	0.046771	0.046190	0.052148	0.051641	0.052977	0.051061	0.051183	0.057173	0.051445	0.050855	0.050736	0.053872	0.051486	0.051042	0.045881	0.051310	0.051311	0.051390	0.047100	0.051328	0.044782	0.045724
IT-Tre2	0.045786	0.046304	0.045688	0.052560	0.052678	0.044454	0.044708	0.046455	0.045662	0.052990	0.052548	0.053005	0.052461	0.052457	0.057258	0.052511	0.052443	0.052286	0.054436	0.052886	0.052400	0.044247	0.052640	0.052708	0.052197	0.046794	0.052151	0.045724	0.042330
