7618	FR-Run	FR-Par	FR-Lez	CN-Lia	CN-Bei	FR-Cor	ES-Bar	DE-Jen	DE-Dos	JP-Tok	JP-Sap	CN-Shi	US-Wis	US-Wat	CN-Nin	US-Sok	US-Sdi	US-Nca	US-Haw	US-Col	BR-Pal	IT-Tre	US-CAOx	US-WIOr	JP-Hok	DE-Jen2	JP-Kan	FR-Lez2	IT-Tre2
FR-Run	0.000000	0.041658	0.033884	0.126653	0.116576	0.025492	0.032325	0.030723	0.033437	0.117862	0.131751	0.128191	0.160850	0.173667	0.111248	0.192356	0.186729	0.162430	0.279318	0.159297	0.170168	0.029863	0.150068	0.160996	0.120306	0.035992	0.115933	0.034735	0.031414
FR-Par	0.041658	0.000000	0.007371	0.055097	0.055423	0.023696	0.020409	0.008153	0.017176	0.052011	0.058475	0.055345	0.070618	0.083131	0.054049	0.105778	0.101485	0.071513	0.197503	0.070320	0.074090	0.021647	0.066322	0.069239	0.052934	0.009877	0.052173	0.008831	0.020607
FR-Lez	0.033884	0.007371	0.000000	0.065972	0.065271	0.017594	0.015990	0.006883	0.013653	0.062410	0.069880	0.066341	0.085290	0.097213	0.063470	0.119762	0.114120	0.086179	0.208251	0.084497	0.088972	0.016875	0.079436	0.083770	0.063688	0.010091	0.062305	0.007623	0.015800
CN-Lia	0.126653	0.055097	0.065972	0.000000	0.014200	0.104392	0.091506	0.069595	0.080741	0.015032	0.017282	0.013028	0.044316	0.047985	0.015877	0.064233	0.065891	0.044369	0.153393	0.042602	0.048275	0.094634	0.038514	0.041896	0.015845	0.059224	0.015822	0.065582	0.097427
CN-Bei	0.116576	0.055423	0.065271	0.014200	0.000000	0.098160	0.087881	0.068538	0.078475	0.015771	0.019333	0.014892	0.045302	0.048884	0.020006	0.063193	0.064383	0.045357	0.136345	0.043916	0.048922	0.090739	0.040402	0.043983	0.016354	0.060767	0.016349	0.065805	0.093491
FR-Cor	0.025492	0.023696	0.017594	0.104392	0.098160	0.000000	0.011210	0.014532	0.015761	0.098218	0.109511	0.105245	0.142448	0.151670	0.090935	0.170927	0.168439	0.143851	0.262709	0.139987	0.149534	0.010564	0.130799	0.139915	0.101088	0.018475	0.097731	0.017527	0.009914
ES-Bar	0.032325	0.020409	0.015990	0.091506	0.087881	0.011210	0.000000	0.013875	0.014258	0.086581	0.095733	0.092129	0.127746	0.136747	0.077184	0.157473	0.156067	0.128866	0.259451	0.125175	0.134508	0.011500	0.116532	0.123828	0.089748	0.016819	0.087104	0.015832	0.011842
DE-Jen	0.030723	0.008153	0.006883	0.069595	0.068538	0.014532	0.013875	0.000000	0.011857	0.066516	0.074037	0.069954	0.093274	0.104450	0.065594	0.126443	0.120876	0.094420	0.216325	0.092125	0.098030	0.013900	0.086093	0.091542	0.068069	0.009127	0.066761	0.008071	0.013507
DE-Dos	0.033437	0.017176	0.013653	0.080741	0.078475	0.015761	0.014258	0.011857	0.000000	0.077437	0.085519	0.081313	0.110471	0.122146	0.071159	0.143287	0.137804	0.111736	0.238535	0.108916	0.117258	0.015263	0.100890	0.107675	0.080001	0.014480	0.077815	0.014451	0.017102
JP-Tok	0.117862	0.052011	0.062410	0.015032	0.015771	0.098218	0.086581	0.066516	0.077437	0.000000	0.015853	0.015511	0.036969	0.040244	0.017222	0.057288	0.060871	0.037502	0.134661	0.036818	0.038202	0.090506	0.034968	0.035876	0.011900	0.058241	0.012025	0.062260	0.092681
JP-Sap	0.131751	0.058475	0.069880	0.017282	0.019333	0.109511	0.095733	0.074037	0.085519	0.015853	0.000000	0.017351	0.043740	0.046461	0.020601	0.065018	0.069006	0.044199	0.154204	0.042969	0.045174	0.099895	0.040132	0.041415	0.015910	0.063528	0.016129	0.069013	0.102165
CN-Shi	0.128191	0.055345	0.066341	0.013028	0.014892	0.105245	0.092129	0.069954	0.081313	0.015511	0.017351	0.000000	0.044784	0.048112	0.015740	0.064676	0.066584	0.044852	0.156246	0.043080	0.048779	0.095275	0.038927	0.042278	0.016360	0.059202	0.016415	0.066014	0.098094
US-Wis	0.160850	0.070618	0.085290	0.044316	0.045302	0.142448	0.127746	0.093274	0.110471	0.036969	0.043740	0.044784	0.000000	0.038506	0.045457	0.066701	0.044356	0.004493	0.157583	0.006200	0.015400	0.130843	0.018008	0.005695	0.037561	0.085304	0.036917	0.083568	0.132003
US-Wat	0.173667	0.083131	0.097213	0.047985	0.048884	0.151670	0.136747	0.104450	0.122146	0.040244	0.046461	0.048112	0.038506	0.000000	0.044957	0.013822	0.049042	0.038153	0.098814	0.034523	0.041225	0.139471	0.015850	0.036874	0.040969	0.093420	0.040352	0.094499	0.139787
CN-Nin	0.111248	0.054049	0.063470	0.015877	0.020006	0.090935	0.077184	0.065594	0.071159	0.017222	0.020601	0.015740	0.045457	0.044957	0.000000	0.058634	0.061961	0.045027	0.128230	0.043143	0.046918	0.083720	0.039730	0.041110	0.020751	0.054624	0.021445	0.065812	0.089369
US-Sok	0.192356	0.105778	0.119762	0.064233	0.063193	0.170927	0.157473	0.126443	0.143287	0.057288	0.065018	0.064676	0.066701	0.013822	0.058634	0.000000	0.068565	0.065497	0.082768	0.059037	0.072446	0.158563	0.030355	0.062367	0.058674	0.114753	0.057505	0.116124	0.158800
US-Sdi	0.186729	0.101485	0.114120	0.065891	0.064383	0.168439	0.156067	0.120876	0.137804	0.060871	0.069006	0.066584	0.044356	0.049042	0.061961	0.068565	0.000000	0.044636	0.126343	0.042050	0.055769	0.156705	0.033602	0.042795	0.062474	0.111662	0.061006	0.112454	0.157289
US-Nca	0.162430	0.071513	0.086179	0.044369	0.045357	0.143851	0.128866	0.094420	0.111736	0.037502	0.044199	0.044852	0.004493	0.038153	0.045027	0.065497	0.044636	0.000000	0.154915	0.005845	0.015874	0.131935	0.017133	0.006470	0.038233	0.085920	0.037484	0.084131	0.132911
US-Haw	0.279318	0.197503	0.208251	0.153393	0.136345	0.262709	0.259451	0.216325	0.238535	0.134661	0.154204	0.156246	0.157583	0.098814	0.128230	0.082768	0.126343	0.154915	0.000000	0.144409	0.173968	0.249509	0.110224	0.155419	0.137589	0.211631	0.132471	0.197964	0.243411
US-Col	0.159297	0.070320	0.084497	0.042602	0.043916	0.139987	0.125175	0.092125	0.108916	0.036818	0.042969	0.043080	0.006200	0.034523	0.043143	0.059037	0.042050	0.005845	0.144409	0.000000	0.017034	0.128742	0.015600	0.007352	0.037712	0.083945	0.037071	0.082516	0.129717
BR-Pal	0.170168	0.074090	0.088972	0.048275	0.048922	0.149534	0.134508	0.098030	0.117258	0.038202	0.045174	0.048779	0.015400	0.041225	0.046918	0.072446	0.055769	0.015874	0.173968	0.017034	0.000000	0.137100	0.023740	0.016726	0.038547	0.089768	0.037894	0.085013	0.136730
IT-Tre	0.029863	0.021647	0.016875	0.094634	0.090739	0.010564	0.011500	0.013900	0.015263	0.090506	0.099895	0.095275	0.130843	0.139471	0.083720	0.158563	0.156705	0.131935	0.249509	0.128742	0.137100	0.000000	0.120324	0.128053	0.093136	0.017432	0.090625	0.016341	0.010749
US-CAOx	0.150068	0.066322	0.079436	0.038514	0.040402	0.130799	0.116532	0.086093	0.100890	0.034968	0.040132	0.038927	0.018008	0.015850	0.039730	0.030355	0.033602	0.017133	0.110224	0.015600	0.023740	0.120324	0.000000	0.017613	0.035637	0.077045	0.035069	0.079559	0.122849
US-WIOr	0.160996	0.069239	0.083770	0.041896	0.043983	0.139915	0.123828	0.091542	0.107675	0.035876	0.041415	0.042278	0.005695	0.036874	0.041110	0.062367	0.042795	0.006470	0.155419	0.007352	0.016726	0.128053	0.017613	0.000000	0.036719	0.081363	0.035978	0.081691	0.129686
JP-Hok	0.120306	0.052934	0.063688	0.015845	0.016354	0.101088	0.089748	0.068069	0.080001	0.011900	0.015910	0.016360	0.037561	0.040969	0.020751	0.058674	0.062474	0.038233	0.137589	0.037712	0.038547	0.093136	0.035637	0.036719	0.000000	0.059958	0.011258	0.062706	0.094288
DE-Jen2	0.035992	0.009877	0.010091	0.059224	0.060767	0.018475	0.016819	0.009127	0.014480	0.058241	0.063528	0.059202	0.085304	0.093420	0.054624	0.114753	0.111662	0.085920	0.211631	0.083945	0.089768	0.017432	0.077045	0.081363	0.059958	0.000000	0.058770	0.010735	0.016301
JP-Kan	0.115933	0.052173	0.062305	0.015822	0.016349	0.097731	0.087104	0.066761	0.077815	0.012025	0.016129	0.016415	0.036917	0.040352	0.021445	0.057505	0.061006	0.037484	0.132471	0.037071	0.037894	0.090625	0.035069	0.035978	0.011258	0.058770	0.000000	0.061676	0.091914
FR-Lez2	0.034735	0.008831	0.007623	0.065582	0.065805	0.017527	0.015832	0.008071	0.014451	0.062260	0.069013	0.066014	0.083568	0.094499	0.065812	0.116124	0.112454	0.084131	0.197964	0.082516	0.085013	0.016341	0.079559	0.081691	0.062706	0.010735	0.061676	0.000000	0.015001
IT-Tre2	0.031414	0.020607	0.015800	0.097427	0.093491	0.009914	0.011842	0.013507	0.017102	0.092681	0.102165	0.098094	0.132003	0.139787	0.089369	0.158800	0.157289	0.132911	0.243411	0.129717	0.136730	0.010749	0.122849	0.129686	0.094288	0.016301	0.091914	0.015001	0.000000
