4545	FR-Run	FR-Par	FR-Lez	CN-Lia	CN-Bei	FR-Cor	ES-Bar	DE-Jen	DE-Dos	JP-Tok	JP-Sap	CN-Shi	US-Wis	US-Wat	CN-Nin	US-Sok	US-Sdi	US-Nca	US-Haw	US-Col	BR-Pal	IT-Tre	US-CAOx	US-WIOr	JP-Sap2	DE-Jen2	JP-Kan	FR-Lez2	IT-Tre2
FR-Run	0.000000	0.043019	0.034819	0.128017	0.117721	0.025890	0.032391	0.032572	0.036431	0.120920	0.135785	0.131263	0.165583	0.175692	0.116695	0.194029	0.192928	0.167799	0.276565	0.165358	0.175402	0.030754	0.154387	0.168224	0.125378	0.037990	0.116974	0.034439	0.032322
FR-Par	0.043019	0.000000	0.007689	0.055098	0.055512	0.023491	0.019408	0.009911	0.016701	0.052915	0.059512	0.055557	0.072281	0.082747	0.057256	0.104798	0.105785	0.073934	0.195573	0.073332	0.076852	0.022225	0.069413	0.072561	0.053046	0.012066	0.053166	0.009200	0.019528
FR-Lez	0.034819	0.007689	0.000000	0.063974	0.063017	0.017154	0.015558	0.008248	0.014050	0.061202	0.068886	0.064313	0.084542	0.093858	0.065728	0.115445	0.115901	0.086150	0.203609	0.085453	0.088792	0.016519	0.080310	0.084856	0.062368	0.011094	0.061193	0.007117	0.014504
CN-Lia	0.128017	0.055098	0.063974	0.000000	0.013351	0.101189	0.087600	0.065972	0.074702	0.015589	0.018522	0.012986	0.046628	0.048948	0.017152	0.063362	0.070243	0.046769	0.151326	0.045466	0.051155	0.092181	0.042111	0.045922	0.016397	0.059261	0.016497	0.066809	0.094153
CN-Bei	0.117721	0.055512	0.063017	0.013351	0.000000	0.095327	0.084247	0.065980	0.072996	0.015833	0.019068	0.013664	0.046545	0.048659	0.022145	0.062214	0.067575	0.046491	0.136989	0.045639	0.050543	0.088043	0.042029	0.046080	0.016546	0.060273	0.015593	0.066160	0.089911
FR-Cor	0.025890	0.023491	0.017154	0.101189	0.095327	0.000000	0.012084	0.016208	0.017705	0.096905	0.109029	0.102741	0.142493	0.148905	0.091936	0.167505	0.169935	0.143879	0.254008	0.141630	0.149553	0.010968	0.132819	0.142736	0.100946	0.019854	0.096228	0.016757	0.010052
ES-Bar	0.032391	0.019408	0.015558	0.087600	0.084247	0.012084	0.000000	0.014529	0.015109	0.084722	0.094163	0.089088	0.126509	0.134103	0.075706	0.153749	0.157219	0.127977	0.248701	0.125625	0.134073	0.012267	0.118730	0.126579	0.088613	0.018172	0.086350	0.015012	0.012026
DE-Jen	0.032572	0.009911	0.008248	0.065972	0.065980	0.016208	0.014529	0.000000	0.013110	0.065103	0.071761	0.066757	0.091717	0.099991	0.065890	0.120914	0.120776	0.093264	0.207425	0.091989	0.095754	0.015522	0.087161	0.091684	0.066135	0.010894	0.065972	0.009292	0.014133
DE-Dos	0.036431	0.016701	0.014050	0.074702	0.072996	0.017705	0.015109	0.013110	0.000000	0.073724	0.081304	0.075583	0.107194	0.116919	0.068052	0.137176	0.136943	0.109171	0.230733	0.107362	0.114706	0.016411	0.100417	0.107610	0.076478	0.015478	0.074889	0.014584	0.017745
JP-Tok	0.120920	0.052915	0.061202	0.015589	0.015833	0.096905	0.084722	0.065103	0.073724	0.000000	0.016548	0.015753	0.037863	0.039428	0.019583	0.056272	0.064362	0.038614	0.134249	0.038500	0.039298	0.089457	0.036976	0.037615	0.011555	0.059224	0.011910	0.063733	0.090409
JP-Sap	0.135785	0.059512	0.068886	0.018522	0.019068	0.109029	0.094163	0.071761	0.081304	0.016548	0.000000	0.017781	0.045305	0.046806	0.022680	0.064749	0.073658	0.046244	0.152769	0.045299	0.047295	0.099595	0.043927	0.044967	0.015586	0.064583	0.016856	0.071271	0.100677
CN-Shi	0.131263	0.055557	0.064313	0.012986	0.013664	0.102741	0.089088	0.066757	0.075583	0.015753	0.017781	0.000000	0.046879	0.049075	0.016300	0.063717	0.070436	0.046865	0.153841	0.045169	0.051175	0.093559	0.042185	0.045990	0.016958	0.058824	0.016772	0.067077	0.095004
US-Wis	0.165583	0.072281	0.084542	0.046628	0.046545	0.142493	0.126509	0.091717	0.107194	0.037863	0.045305	0.046879	0.000000	0.038174	0.049626	0.065933	0.045864	0.005065	0.156829	0.007169	0.016973	0.131933	0.017706	0.005588	0.037794	0.086718	0.037379	0.086533	0.132088
US-Wat	0.175692	0.082747	0.093858	0.048948	0.048659	0.148905	0.134103	0.099991	0.116919	0.039428	0.046806	0.049075	0.038174	0.000000	0.047231	0.016093	0.057500	0.037015	0.102260	0.034559	0.039633	0.139280	0.018082	0.038050	0.039897	0.092849	0.039533	0.095348	0.138273
CN-Nin	0.116695	0.057256	0.065728	0.017152	0.022145	0.091936	0.075706	0.065890	0.068052	0.019583	0.022680	0.016300	0.049626	0.047231	0.000000	0.059505	0.067352	0.049172	0.128200	0.047177	0.050971	0.082610	0.047577	0.046522	0.022745	0.057954	0.027214	0.071438	0.088208
US-Sok	0.194029	0.104798	0.115445	0.063362	0.062214	0.167505	0.153749	0.120914	0.137176	0.056272	0.064749	0.063717	0.065933	0.016093	0.059505	0.000000	0.077649	0.064033	0.086110	0.058726	0.071664	0.157276	0.034305	0.063480	0.057906	0.112378	0.056764	0.116459	0.156745
US-Sdi	0.192928	0.105785	0.115901	0.070243	0.067575	0.169935	0.157219	0.120776	0.136943	0.064362	0.073658	0.070436	0.045864	0.057500	0.067352	0.077649	0.000000	0.046450	0.132610	0.044766	0.059377	0.160948	0.039289	0.045532	0.067068	0.114990	0.064183	0.117720	0.160097
US-Nca	0.167799	0.073934	0.086150	0.046769	0.046491	0.143879	0.127977	0.093264	0.109171	0.038614	0.046244	0.046865	0.005065	0.037015	0.049172	0.064033	0.046450	0.000000	0.154034	0.006728	0.016829	0.133804	0.016468	0.006425	0.038852	0.087947	0.038320	0.088245	0.133723
US-Haw	0.276565	0.195573	0.203609	0.151326	0.136989	0.254008	0.248701	0.207425	0.230733	0.134249	0.152769	0.153841	0.156829	0.102260	0.128200	0.086110	0.132610	0.154034	0.000000	0.144851	0.174416	0.246242	0.115027	0.156201	0.142163	0.202232	0.130963	0.198607	0.241316
US-Col	0.165358	0.073332	0.085453	0.045466	0.045639	0.141630	0.125625	0.091989	0.107362	0.038500	0.045299	0.045169	0.007169	0.034559	0.047177	0.058726	0.044766	0.006728	0.144851	0.000000	0.018538	0.131371	0.016133	0.007978	0.038985	0.086904	0.038371	0.087222	0.131366
BR-Pal	0.175402	0.076852	0.088792	0.051155	0.050543	0.149553	0.134073	0.095754	0.114706	0.039298	0.047295	0.051175	0.016973	0.039633	0.050971	0.071664	0.059377	0.016829	0.174416	0.018538	0.000000	0.139222	0.023933	0.018750	0.038951	0.091228	0.038772	0.088218	0.137536
IT-Tre	0.030754	0.022225	0.016519	0.092181	0.088043	0.010968	0.012267	0.015522	0.016411	0.089457	0.099595	0.093559	0.131933	0.139280	0.082610	0.157276	0.160948	0.133804	0.246242	0.131371	0.139222	0.000000	0.123886	0.132151	0.093331	0.018930	0.090280	0.016431	0.010644
US-CAOx	0.154387	0.069413	0.080310	0.042111	0.042029	0.132819	0.118730	0.087161	0.100417	0.036976	0.043927	0.042185	0.017706	0.018082	0.047577	0.034305	0.039289	0.016468	0.115027	0.016133	0.023933	0.123886	0.000000	0.018372	0.037497	0.081645	0.036205	0.084028	0.124849
US-WIOr	0.168224	0.072561	0.084856	0.045922	0.046080	0.142736	0.126579	0.091684	0.107610	0.037615	0.044967	0.045990	0.005588	0.038050	0.046522	0.063480	0.045532	0.006425	0.156201	0.007978	0.018750	0.132151	0.018372	0.000000	0.038356	0.085567	0.037981	0.086363	0.132211
JP-Sap2	0.125378	0.053046	0.062368	0.016397	0.016546	0.100946	0.088613	0.066135	0.076478	0.011555	0.015586	0.016958	0.037794	0.039897	0.022745	0.057906	0.067068	0.038852	0.142163	0.038985	0.038951	0.093331	0.037497	0.038356	0.000000	0.060201	0.010591	0.064048	0.093347
DE-Jen2	0.037990	0.012066	0.011094	0.059261	0.060273	0.019854	0.018172	0.010894	0.015478	0.059224	0.064583	0.058824	0.086718	0.092849	0.057954	0.112378	0.114990	0.087947	0.202232	0.086904	0.091228	0.018930	0.081645	0.085567	0.060201	0.000000	0.061372	0.012347	0.016563
JP-Kan	0.116974	0.053166	0.061193	0.016497	0.015593	0.096228	0.086350	0.065972	0.074889	0.011910	0.016856	0.016772	0.037379	0.039533	0.027214	0.056764	0.064183	0.038320	0.130963	0.038371	0.038772	0.090280	0.036205	0.037981	0.010591	0.061372	0.000000	0.062774	0.089845
FR-Lez2	0.034439	0.009200	0.007117	0.066809	0.066160	0.016757	0.015012	0.009292	0.014584	0.063733	0.071271	0.067077	0.086533	0.095348	0.071438	0.116459	0.117720	0.088245	0.198607	0.087222	0.088218	0.016431	0.084028	0.086363	0.064048	0.012347	0.062774	0.000000	0.013423
IT-Tre2	0.032322	0.019528	0.014504	0.094153	0.089911	0.010052	0.012026	0.014133	0.017745	0.090409	0.100677	0.095004	0.132088	0.138273	0.088208	0.156745	0.160097	0.133723	0.241316	0.131366	0.137536	0.010644	0.124849	0.132211	0.093347	0.016563	0.089845	0.013423	0.000000
