1721	FR-Run	FR-Par	FR-Lez	CN-Lia	CN-Bei	FR-Cor	ES-Bar	DE-Jen	DE-Dos	JP-Tok	JP-Sap	CN-Shi	US-Wis	US-Wat	CN-Nin	US-Sok	US-Sdi	US-Nca	US-Haw	US-Col	BR-Pal	IT-Tre	US-CAOx	US-WIOr	JP-Sap2	DE-Jen2	JP-Kan	FR-Lez2	IT-Tre2
FR-Run	0.000000	0.024846	0.024193	0.055265	0.055910	0.027777	0.024476	0.023700	0.027306	0.059720	0.065885	0.062169	0.068571	0.062317	0.059783	0.079744	0.073367	0.068112	0.121874	0.068029	0.069686	0.028505	0.069085	0.068207	0.058527	0.025576	0.058008	0.024834	0.028804
FR-Par	0.024846	0.000000	0.005836	0.032121	0.033280	0.012809	0.011484	0.006309	0.008204	0.032834	0.038601	0.038869	0.037025	0.034021	0.037122	0.050964	0.043522	0.035667	0.093138	0.038492	0.039584	0.015371	0.038391	0.037165	0.032173	0.009005	0.032096	0.006312	0.017041
FR-Lez	0.024193	0.005836	0.000000	0.034166	0.035333	0.009616	0.008699	0.005824	0.006859	0.037200	0.043146	0.040910	0.043082	0.040335	0.039785	0.057184	0.050783	0.042063	0.097493	0.044482	0.045123	0.011229	0.044821	0.043070	0.036169	0.008751	0.036153	0.005834	0.012501
CN-Lia	0.055265	0.032121	0.034166	0.000000	0.010406	0.041886	0.041915	0.033196	0.036361	0.019742	0.025524	0.014978	0.032402	0.027935	0.015038	0.041244	0.040143	0.032911	0.076189	0.033238	0.034268	0.045217	0.033220	0.031881	0.018417	0.034073	0.018502	0.036925	0.049085
CN-Bei	0.055910	0.033280	0.035333	0.010406	0.000000	0.042755	0.043030	0.034420	0.037470	0.021056	0.026996	0.016082	0.033942	0.029224	0.016258	0.042567	0.041561	0.034433	0.076520	0.034675	0.035532	0.046114	0.034188	0.033095	0.019940	0.035277	0.019885	0.038098	0.049853
FR-Cor	0.027777	0.012809	0.009616	0.041886	0.042755	0.000000	0.010497	0.010968	0.011604	0.048414	0.055540	0.048695	0.061046	0.056497	0.045908	0.072272	0.069407	0.060633	0.111407	0.062195	0.062649	0.009807	0.062102	0.060904	0.047628	0.013183	0.047421	0.010320	0.009556
ES-Bar	0.024476	0.011484	0.008699	0.041915	0.043030	0.010497	0.000000	0.009840	0.010222	0.047349	0.053749	0.048887	0.059997	0.055382	0.046057	0.071121	0.068324	0.059085	0.110951	0.061486	0.062961	0.010679	0.061737	0.059386	0.046539	0.012081	0.046558	0.008911	0.010850
DE-Jen	0.023700	0.006309	0.005824	0.033196	0.034420	0.010968	0.009840	0.000000	0.007728	0.035869	0.041836	0.039910	0.041276	0.039092	0.038065	0.055811	0.048450	0.040414	0.095856	0.042494	0.042748	0.012876	0.042812	0.041041	0.035023	0.008542	0.035249	0.006637	0.013860
DE-Dos	0.027306	0.008204	0.006859	0.036361	0.037470	0.011604	0.010222	0.007728	0.000000	0.040500	0.046704	0.043075	0.047960	0.044479	0.040621	0.061045	0.055391	0.046757	0.101639	0.049059	0.049542	0.012691	0.048996	0.047625	0.039525	0.010007	0.039558	0.007862	0.013557
JP-Tok	0.059720	0.032834	0.037200	0.019742	0.021056	0.048414	0.047349	0.035869	0.040500	0.000000	0.011232	0.026204	0.031237	0.022688	0.022981	0.030117	0.038254	0.028873	0.071779	0.033742	0.035292	0.053035	0.033877	0.029969	0.008230	0.036661	0.008070	0.038988	0.057657
JP-Sap	0.065885	0.038601	0.043146	0.025524	0.026996	0.055540	0.053749	0.041836	0.046704	0.011232	0.000000	0.032754	0.037080	0.027939	0.030818	0.034210	0.044009	0.034018	0.077896	0.040077	0.042560	0.060128	0.040141	0.035604	0.010370	0.042739	0.010335	0.045025	0.064741
CN-Shi	0.062169	0.038869	0.040910	0.014978	0.016082	0.048695	0.048887	0.039910	0.043075	0.026204	0.032754	0.000000	0.039466	0.035142	0.019577	0.049112	0.047627	0.040111	0.084091	0.040147	0.041372	0.051999	0.040016	0.038610	0.025401	0.040483	0.025368	0.043798	0.055973
US-Wis	0.068571	0.037025	0.043082	0.032402	0.033942	0.061046	0.059997	0.041276	0.047960	0.031237	0.037080	0.039466	0.000000	0.019618	0.037280	0.040816	0.021727	0.005436	0.083797	0.005296	0.015529	0.067137	0.016781	0.006434	0.030412	0.044429	0.030274	0.046518	0.071540
US-Wat	0.062317	0.034021	0.040335	0.027935	0.029224	0.056497	0.055382	0.039092	0.044479	0.022688	0.027939	0.035142	0.019618	0.000000	0.032813	0.013568	0.021109	0.018678	0.058528	0.019692	0.018474	0.062113	0.015692	0.019380	0.022151	0.040640	0.021833	0.043432	0.066943
CN-Nin	0.059783	0.037122	0.039785	0.015038	0.016258	0.045908	0.046057	0.038065	0.040621	0.022981	0.030818	0.019577	0.037280	0.032813	0.000000	0.045260	0.045027	0.037723	0.077990	0.037666	0.038329	0.048811	0.037132	0.034751	0.024445	0.036122	0.025264	0.042531	0.053600
US-Sok	0.079744	0.050964	0.057184	0.041244	0.042567	0.072272	0.071121	0.055811	0.061045	0.030117	0.034210	0.049112	0.040816	0.013568	0.045260	0.000000	0.045010	0.037563	0.060089	0.042727	0.042828	0.077990	0.038811	0.038871	0.029458	0.057087	0.029241	0.059896	0.082387
US-Sdi	0.073367	0.043522	0.050783	0.040143	0.041561	0.069407	0.068324	0.048450	0.055391	0.038254	0.044009	0.047627	0.021727	0.021109	0.045027	0.045010	0.000000	0.021752	0.072541	0.020658	0.021376	0.075777	0.020669	0.023312	0.037541	0.051108	0.036878	0.053350	0.080427
US-Nca	0.068112	0.035667	0.042063	0.032911	0.034433	0.060633	0.059085	0.040414	0.046757	0.028873	0.034018	0.040111	0.005436	0.018678	0.037723	0.037563	0.021752	0.000000	0.083852	0.007166	0.016480	0.066992	0.017864	0.007046	0.028160	0.043104	0.027914	0.045284	0.071562
US-Haw	0.121874	0.093138	0.097493	0.076189	0.076520	0.111407	0.110951	0.095856	0.101639	0.071779	0.077896	0.084091	0.083797	0.058528	0.077990	0.060089	0.072541	0.083852	0.000000	0.085539	0.081269	0.115857	0.078191	0.084150	0.070976	0.098937	0.069854	0.100781	0.119611
US-Col	0.068029	0.038492	0.044482	0.033238	0.034675	0.062195	0.061486	0.042494	0.049059	0.033742	0.040077	0.040147	0.005296	0.019692	0.037666	0.042727	0.020658	0.007166	0.085539	0.000000	0.014019	0.068346	0.016298	0.007553	0.033134	0.045401	0.032795	0.047707	0.072636
BR-Pal	0.069686	0.039584	0.045123	0.034268	0.035532	0.062649	0.062961	0.042748	0.049542	0.035292	0.042560	0.041372	0.015529	0.018474	0.038329	0.042828	0.021376	0.016480	0.081269	0.014019	0.000000	0.068929	0.016316	0.017806	0.034886	0.046682	0.034096	0.048488	0.073464
IT-Tre	0.028505	0.015371	0.011229	0.045217	0.046114	0.009807	0.010679	0.012876	0.012691	0.053035	0.060128	0.051999	0.067137	0.062113	0.048811	0.077990	0.075777	0.066992	0.115857	0.068346	0.068929	0.000000	0.067926	0.066888	0.052059	0.014768	0.051846	0.011697	0.009230
US-CAOx	0.069085	0.038391	0.044821	0.033220	0.034188	0.062102	0.061737	0.042812	0.048996	0.033877	0.040141	0.040016	0.016781	0.015692	0.037132	0.038811	0.020669	0.017864	0.078191	0.016298	0.016316	0.067926	0.000000	0.017669	0.033179	0.045368	0.032612	0.048322	0.072523
US-WIOr	0.068207	0.037165	0.043070	0.031881	0.033095	0.060904	0.059386	0.041041	0.047625	0.029969	0.035604	0.038610	0.006434	0.019380	0.034751	0.038871	0.023312	0.007046	0.084150	0.007553	0.017806	0.066888	0.017669	0.000000	0.029309	0.043623	0.029086	0.046115	0.071260
JP-Sap2	0.058527	0.032173	0.036169	0.018417	0.019940	0.047628	0.046539	0.035023	0.039525	0.008230	0.010370	0.025401	0.030412	0.022151	0.024445	0.029458	0.037541	0.028160	0.070976	0.033134	0.034886	0.052059	0.033179	0.029309	0.000000	0.036165	0.006481	0.038093	0.056471
DE-Jen2	0.025576	0.009005	0.008751	0.034073	0.035277	0.013183	0.012081	0.008542	0.010007	0.036661	0.042739	0.040483	0.044429	0.040640	0.036122	0.057087	0.051108	0.043104	0.098937	0.045401	0.046682	0.014768	0.045368	0.043623	0.036165	0.000000	0.036422	0.009160	0.016468
JP-Kan	0.058008	0.032096	0.036153	0.018502	0.019885	0.047421	0.046558	0.035249	0.039558	0.008070	0.010335	0.025368	0.030274	0.021833	0.025264	0.029241	0.036878	0.027914	0.069854	0.032795	0.034096	0.051846	0.032612	0.029086	0.006481	0.036422	0.000000	0.038028	0.056158
FR-Lez2	0.024834	0.006312	0.005834	0.036925	0.038098	0.010320	0.008911	0.006637	0.007862	0.038988	0.045025	0.043798	0.046518	0.043432	0.042531	0.059896	0.053350	0.045284	0.100781	0.047707	0.048488	0.011697	0.048322	0.046115	0.038093	0.009160	0.038028	0.000000	0.012972
IT-Tre2	0.028804	0.017041	0.012501	0.049085	0.049853	0.009556	0.010850	0.013860	0.013557	0.057657	0.064741	0.055973	0.071540	0.066943	0.053600	0.082387	0.080427	0.071562	0.119611	0.072636	0.073464	0.009230	0.072523	0.071260	0.056471	0.016468	0.056158	0.012972	0.000000
