Populations	FR-Run	FR-Par	FR-Lez	CN-Lia	CN-Bei	FR-Cor	ES-Bar	DE-Jen	DE-Dos	JP-Tok	JP-Sap	CN-Shi	US-Wis	US-Wat	CN-Nin	US-Sok	US-Sdi	US-Nca	US-Haw	US-Col	BR-Pal	IT-Tre	US-CAOx	US-WIOr	JP-Hok	DE-Jen2	JP-Kan	FR-Lez2	IT-Tre2
FR-Run	0.011405	0.012814	0.012790	0.014481	0.014565	0.012643	0.012685	0.012766	0.012955	0.014627	0.014489	0.014681	0.014019	0.014078	0.016082	0.014136	0.013911	0.013919	0.014537	0.014149	0.013990	0.012849	0.014827	0.014845	0.014482	0.013689	0.014938	0.013307	0.012832
FR-Par	0.012814	0.012256	0.012661	0.014325	0.014411	0.012650	0.012752	0.012670	0.012821	0.014365	0.014234	0.014529	0.013629	0.013787	0.015927	0.013868	0.013581	0.013507	0.014250	0.013821	0.013635	0.012924	0.014460	0.014484	0.014229	0.013617	0.014683	0.013179	0.012951
FR-Lez	0.012790	0.012661	0.012282	0.014347	0.014431	0.012541	0.012641	0.012646	0.012764	0.014457	0.014329	0.014547	0.013774	0.013940	0.015949	0.014012	0.013756	0.013662	0.014352	0.013962	0.013766	0.012779	0.014620	0.014629	0.014315	0.013593	0.014767	0.013158	0.012807
CN-Lia	0.014481	0.014325	0.014347	0.013642	0.014366	0.014359	0.014511	0.014365	0.014549	0.014647	0.014528	0.014468	0.014323	0.014394	0.015893	0.014385	0.014322	0.014246	0.014611	0.014502	0.014324	0.014659	0.015151	0.015170	0.014493	0.015317	0.014941	0.014937	0.014707
CN-Bei	0.014565	0.014411	0.014431	0.014366	0.013806	0.014438	0.014595	0.014450	0.014634	0.014746	0.014636	0.014551	0.014419	0.014494	0.015966	0.014490	0.014415	0.014343	0.014706	0.014596	0.014416	0.014738	0.015237	0.015264	0.014595	0.015402	0.015044	0.015021	0.014786
FR-Cor	0.012643	0.012650	0.012541	0.014359	0.014438	0.011747	0.012432	0.012584	0.012672	0.014557	0.014444	0.014554	0.014065	0.014183	0.015961	0.014194	0.014047	0.013962	0.014473	0.014248	0.014040	0.012453	0.014898	0.014913	0.014414	0.013502	0.014867	0.013046	0.012431
ES-Bar	0.012685	0.012752	0.012641	0.014511	0.014595	0.012432	0.012005	0.012677	0.012758	0.014684	0.014548	0.014710	0.014201	0.014309	0.016115	0.014317	0.014191	0.014088	0.014630	0.014396	0.014222	0.012614	0.015050	0.015041	0.014535	0.013597	0.014992	0.013139	0.012603
DE-Jen	0.012766	0.012670	0.012646	0.014365	0.014450	0.012584	0.012677	0.012259	0.012789	0.014462	0.014329	0.014568	0.013769	0.013944	0.015966	0.014017	0.013741	0.013659	0.014367	0.013953	0.013750	0.012831	0.014607	0.014618	0.014320	0.013586	0.014773	0.013175	0.012841
DE-Dos	0.012955	0.012821	0.012764	0.014549	0.014634	0.012672	0.012758	0.012789	0.012408	0.014673	0.014537	0.014751	0.014026	0.014176	0.016150	0.014232	0.013996	0.013908	0.014570	0.014212	0.014005	0.012897	0.014850	0.014876	0.014525	0.013716	0.014978	0.013297	0.012907
JP-Tok	0.014627	0.014365	0.014457	0.014647	0.014746	0.014557	0.014684	0.014462	0.014673	0.013754	0.014168	0.014868	0.014287	0.014265	0.016194	0.014096	0.014283	0.014138	0.014503	0.014513	0.014353	0.014893	0.015151	0.015098	0.014214	0.015400	0.014669	0.015023	0.014969
JP-Sap	0.014489	0.014234	0.014329	0.014528	0.014636	0.014444	0.014548	0.014329	0.014537	0.014168	0.013287	0.014752	0.014160	0.014126	0.016131	0.013926	0.014150	0.014000	0.014366	0.014394	0.014258	0.014775	0.015032	0.014966	0.014028	0.015265	0.014488	0.014898	0.014852
CN-Shi	0.014681	0.014529	0.014547	0.014468	0.014551	0.014554	0.014710	0.014568	0.014751	0.014868	0.014752	0.013596	0.014536	0.014606	0.016067	0.014603	0.014530	0.014459	0.014824	0.014711	0.014536	0.014850	0.015358	0.015382	0.014718	0.015515	0.015166	0.015138	0.014896
US-Wis	0.014019	0.013629	0.013774	0.014323	0.014419	0.014065	0.014201	0.013769	0.014026	0.014287	0.014160	0.014536	0.012191	0.013307	0.015924	0.013529	0.012914	0.012498	0.013966	0.012732	0.012862	0.014455	0.013744	0.013411	0.014154	0.014771	0.014600	0.014400	0.014535
US-Wat	0.014078	0.013787	0.013940	0.014394	0.014494	0.014183	0.014309	0.013944	0.014176	0.014265	0.014126	0.014606	0.013307	0.012602	0.015995	0.012938	0.013147	0.013202	0.013476	0.013462	0.013212	0.014552	0.013964	0.014142	0.014135	0.014907	0.014583	0.014559	0.014638
CN-Nin	0.016082	0.015927	0.015949	0.015893	0.015966	0.015961	0.016115	0.015966	0.016150	0.016194	0.016131	0.016067	0.015924	0.015995	0.016354	0.015985	0.015921	0.015848	0.016209	0.016104	0.015923	0.016260	0.016742	0.016767	0.016097	0.016912	0.016542	0.016536	0.016309
US-Sok	0.014136	0.013868	0.014012	0.014385	0.014490	0.014194	0.014317	0.014017	0.014232	0.014096	0.013926	0.014603	0.013529	0.012938	0.015985	0.011838	0.013432	0.013370	0.013030	0.013736	0.013519	0.014552	0.014261	0.014316	0.013966	0.014961	0.014422	0.014616	0.014630
US-Sdi	0.013911	0.013581	0.013756	0.014322	0.014415	0.014047	0.014191	0.013741	0.013996	0.014283	0.014150	0.014530	0.012914	0.013147	0.015921	0.013432	0.011814	0.012833	0.013393	0.013035	0.012833	0.014444	0.013646	0.013788	0.014147	0.014715	0.014593	0.014365	0.014537
US-Nca	0.013919	0.013507	0.013662	0.014246	0.014343	0.013962	0.014088	0.013659	0.013908	0.014138	0.014000	0.014459	0.012498	0.013202	0.015848	0.013370	0.012833	0.012014	0.013878	0.012711	0.012810	0.014360	0.013697	0.013350	0.014008	0.014644	0.014456	0.014283	0.014443
US-Haw	0.014537	0.014250	0.014352	0.014611	0.014706	0.014473	0.014630	0.014367	0.014570	0.014503	0.014366	0.014824	0.013966	0.013476	0.016209	0.013030	0.013393	0.013878	0.010273	0.014173	0.013836	0.014802	0.014576	0.014801	0.014367	0.015323	0.014822	0.014982	0.014869
US-Col	0.014149	0.013821	0.013962	0.014502	0.014596	0.014248	0.014396	0.013953	0.014212	0.014513	0.014394	0.014711	0.012732	0.013462	0.016104	0.013736	0.013035	0.012711	0.014173	0.012472	0.012962	0.014638	0.013884	0.013610	0.014379	0.014956	0.014823	0.014585	0.014718
BR-Pal	0.013990	0.013635	0.013766	0.014324	0.014416	0.014040	0.014222	0.013750	0.014005	0.014353	0.014258	0.014536	0.012862	0.013212	0.015923	0.013519	0.012833	0.012810	0.013836	0.012962	0.012017	0.014440	0.013670	0.013756	0.014227	0.014777	0.014662	0.014402	0.014532
IT-Tre	0.012849	0.012924	0.012779	0.014659	0.014738	0.012453	0.012614	0.012831	0.012897	0.014893	0.014775	0.014850	0.014455	0.014552	0.016260	0.014552	0.014444	0.014360	0.014802	0.014638	0.014440	0.012148	0.015280	0.015301	0.014743	0.013742	0.015196	0.013273	0.012590
US-CAOx	0.014827	0.014460	0.014620	0.015151	0.015237	0.014898	0.015050	0.014607	0.014850	0.015151	0.015032	0.015358	0.013744	0.013964	0.016742	0.014261	0.013646	0.013697	0.014576	0.013884	0.013670	0.015280	0.013473	0.014569	0.015009	0.015564	0.015441	0.015238	0.015362
US-WIOr	0.014845	0.014484	0.014629	0.015170	0.015264	0.014913	0.015041	0.014618	0.014876	0.015098	0.014966	0.015382	0.013411	0.014142	0.016767	0.014316	0.013788	0.013350	0.014801	0.013610	0.013756	0.015301	0.014569	0.013495	0.014954	0.015579	0.015386	0.015225	0.015369
JP-Hok	0.014482	0.014229	0.014315	0.014493	0.014595	0.014414	0.014535	0.014320	0.014525	0.014214	0.014028	0.014718	0.014154	0.014135	0.016097	0.013966	0.014147	0.014008	0.014367	0.014379	0.014227	0.014743	0.015009	0.014954	0.013647	0.015245	0.014504	0.014869	0.014803
DE-Jen2	0.013689	0.013617	0.013593	0.015317	0.015402	0.013502	0.013597	0.013586	0.013716	0.015400	0.015265	0.015515	0.014771	0.014907	0.016912	0.014961	0.014715	0.014644	0.015323	0.014956	0.014777	0.013742	0.015564	0.015579	0.015245	0.013683	0.015681	0.014066	0.013744
JP-Kan	0.014938	0.014683	0.014767	0.014941	0.015044	0.014867	0.014992	0.014773	0.014978	0.014669	0.014488	0.015166	0.014600	0.014583	0.016542	0.014422	0.014593	0.014456	0.014822	0.014823	0.014662	0.015196	0.015441	0.015386	0.014504	0.015681	0.014557	0.015311	0.015258
FR-Lez2	0.013307	0.013179	0.013158	0.014937	0.015021	0.013046	0.013139	0.013175	0.013297	0.015023	0.014898	0.015138	0.014400	0.014559	0.016536	0.014616	0.014365	0.014283	0.014982	0.014585	0.014402	0.013273	0.015238	0.015225	0.014869	0.014066	0.015311	0.013226	0.013273
IT-Tre2	0.012832	0.012951	0.012807	0.014707	0.014786	0.012431	0.012603	0.012841	0.012907	0.014969	0.014852	0.014896	0.014535	0.014638	0.016309	0.014630	0.014537	0.014443	0.014869	0.014718	0.014532	0.012590	0.015362	0.015369	0.014803	0.013744	0.015258	0.013273	0.012137
